34
0 33 32 1 2 5 10 6 4 3 29 31 23 24 25 27 16 8 26 30 7 13 28 12 17 21 19 9 14 15 18 20 22 11 
0 1 2 3 4 5 12 6 13 7 8 9 10 11 14 15 16 17 18 19 20 21 22 23 24 25 26 27 28 29 30 31 32 33 
78
0 3 0 4 0 5 0 6 0 7 0 9 0 12 0 13 0 17 0 20 0 21 0 23 0 24 0 25 0 26 0 33 1 2 1 8 1 9 1 10 1 15 1 17 1 18 1 19 1 21 1 22 1 26 1 27 1 28 1 29 1 30 1 31 1 32 2 4 2 8 2 9 2 10 2 17 2 19 2 28 2 29 2 30 2 31 2 32 3 4 3 7 3 19 3 20 3 21 3 24 3 25 3 26 4 7 4 15 4 17 4 20 4 21 4 22 4 27 5 6 5 12 5 16 6 13 6 16 7 20 7 21 7 23 8 10 8 18 9 11 9 14 9 22 10 14 10 15 11 14 11 15 12 13 17 19 
31
1 26 25 2 3 5 4 22 24 16 17 18 20 13 7 19 23 6 11 21 10 14 37 15 8 12 33 34 35 36 9 
-1
0
0
1
0 
0 
1
0 0 
1
-1 
0
1
1
1
1 
3 
1
3 3 
1
-1 
0
4
1
1
2 
4 
1
4 4 
1
-1 
0
5
1
1
3 
7 
1
7 7 
1
-1 
0
7
1
4
5 10 6 4 
5 12 6 13 
4
5 6 5 12 6 13 12 13 
2
27 30 
0
6
1
1
7 
20 
1
20 20 
1
-1 
0
18
1
1
8 
17 
1
17 17 
1
-1 
0
15
1
1
9 
27 
1
27 27 
1
-1 
0
24
1
1
11 
33 
1
33 33 
1
-1 
0
26
1
1
12 
23 
1
23 23 
1
-1 
0
21
1
1
13 
21 
1
21 21 
1
-1 
0
19
1
1
14 
28 
1
28 28 
1
-1 
0
25
1
1
16 
16 
1
16 16 
1
-1 
0
14
1
1
17 
24 
1
24 24 
1
-1 
0
22
1
1
19 
26 
1
26 26 
1
-1 
0
23
1
1
23 
10 
1
10 10 
1
-1 
0
10
1
1
24 
11 
1
11 11 
1
-1 
0
11
1
1
25 
14 
1
14 14 
1
-1 
0
12
1
1
26 
18 
1
18 18 
1
-1 
0
16
1
1
27 
15 
1
15 15 
1
-1 
0
13
1
1
28 
22 
1
22 22 
1
-1 
0
20
1
1
29 
8 
1
8 8 
1
-1 
0
8
1
1
30 
19 
1
19 19 
1
-1 
0
17
1
1
31 
9 
1
9 9 
1
-1 
0
9
1
1
32 
2 
1
2 2 
1
-1 
0
3
1
1
33 
1 
1
1 1 
1
-1 
0
2
1
2
5 10 
5 12 
1
5 12 
2
28 29 
5
26
2
1
5 
5 
1
5 5 
1
-1 
27
26
3
1
10 
12 
1
12 12 
1
-1 
27
27
3
2
6 4 
5 12 
1
5 12 
2
31 32 
5
26
2
1
6 
5 
1
5 5 
1
-1 
30
27
3
1
4 
12 
1
12 12 
1
-1 
30
28
3
1
15 
28 
1
28 28 
1
-1 
0
25
1
1
18 
28 
1
28 28 
1
-1 
0
25
1
1
20 
28 
1
28 28 
1
-1 
0
25
1
1
22 
28 
1
28 28 
1
-1 
0
25
1
1
21 
24 
1
24 24 
1
-1 
0
22
1
