0  0
1  988
2  1331
3  150
4  593
5  45
6  685
7  714
8  275
9  1645
10  3747
11  3989
12  3990
13  2230
14  1078
15  3991
16  2415
17  1939
18  3992
19  22
20  750
21  625
22  1057
23  19
24  2662
25  99
26  1642
27  1389
28  1051
29  175
30  1775
31  916
32  976
33  88
34  2271
35  2272
36  1654
37  3993
38  874
39  1683
40  332
41  716
42  89
43  3994
44  2502
45  1361
46  1687
47  245
48  987
49  13
50  1774
51  947
52  675
53  173
54  657
55  3059
56  158
57  2368
58  30
59  630
60  3482
61  658
62  1492
63  3722
64  971
65  2412
66  3127
67  1451
68  941
69  2129
70  1630
71  385
72  1900
73  1105
74  3995
75  2460
76  447
77  166
78  1403
79  3506
80  1074
81  54
82  1481
83  948
84  924
85  2121
86  1644
87  1941
88  101
89  320
90  242
91  276
92  2322
93  739
94  1103
95  327
96  410
97  196
98  2660
99  709
100  694
101  1104
102  946
103  3179
104  1461
105  1805
106  2406
107  2
108  1961
109  824
110  560
111  50
112  429
113  1888
114  3996
115  255
116  1241
117  816
118  600
119  281
120  234
121  389
122  603
123  1995
124  227
125  3774
126  1265
127  1446
128  1967
129  1064
130  178
131  1640
132  945
133  64
134  2674
135  1694
136  269
137  329
138  2897
139  2462
140  2283
141  1574
142  1736
143  26
144  1050
145  243
146  1065
147  686
148  825
149  1178
150  713
151  2281
152  1636
153  3822
154  915
155  228
156  621
157  130
158  991
159  1553
160  1398
161  2280
162  1336
163  1494
164  3202
165  2169
166  399
167  746
168  944
169  369
170  303
171  10
172  1486
173  253
174  105
175  136
176  2471
177  490
178  384
179  18
180  2285
181  594
182  107
183  3079
184  1445
185  1488
186  1276
187  2364
188  1048
189  972
190  815
191  2889
192  12
193  183
194  2358
195  1404
196  2798
197  1447
198  285
199  396
200  1677
201  1155
202  409
203  357
204  2282
205  676
206  1309
207  3929
208  3758
209  3997
210  3998
211  1893
212  1467
213  806
214  364
215  3999
216  1399
217  939
218  1405
219  49
220  436
221  2243
222  232
223  2601
224  1554
225  736
226  1251
227  693
228  659
229  435
230  20
231  703
232  1998
233  90
234  3902
235  2119
236  1679
237  949
238  1290
239  57
240  1997
241  450
242  2643
243  58
244  92
245  1153
246  875
247  416
248  1023
249  866
250  3147
251  1450
252  552
253  197
254  2360
255  451
256  91
257  1478
258  1733
259  277
260  38
261  797
262  437
263  740
264  561
265  1056
266  2357
267  2996
268  3139
269  193
270  233
271  834
272  2068
273  1406
274  1523
275  595
276  2393
277  125
278  493
279  2618
280  53
281  1449
282  93
283  226
284  1448
285  155
286  244
287  4000
288  3843
289  2785
290  2602
291  936
292  4001
293  430
294  912
295  2161
296  741
297  2256
298  3046
299  1038
300  2849
301  75
302  2644
303  1306
304  1026
305  3509
306  1407
307  195
308  1053
309  1695
310  711
311  1596
312  31
313  748
314  1495
315  400
316  2449
317  1822
318  3057
319  321
320  1004
321  2215
322  141
323  1421
324  138
325  1046
326  1240
327  754
328  1408
329  287
330  2375
331  1463
332  722
333  1256
334  835
335  4002
336  3204
337  720
338  2423
339  480
340  2579
341  2603
342  841
343  749
344  1118
345  2096
346  1080
347  1047
348  8
349  1187
350  270
351  190
352  2926
353  781
354  2182
355  2103
356  153
357  1725
358  3986
359  309
360  857
361  310
362  634
363  184
364  483
365  3815
366  1434
367  1895
368  649
369  1638
370  1325
371  3143
372  390
373  705
374  2148
375  3341
376  254
377  241
378  2000
379  1872
380  2327
381  2649
382  2672
383  78
384  315
385  3883
386  67
387  129
388  3297
389  1639
390  3277
391  1894
392  3624
393  1149
394  3018
395  1992
396  2153
397  612
398  2925
399  717
400  3035
401  240
402  2811
403  2187
404  2536
405  1317
406  1667
407  826
408  879
409  2686
410  2080
411  169
412  492
413  217
414  3
415  2200
416  2754
417  2857
418  1928
419  1302
420  2757
421  2936
422  491
423  985
424  1681
425  1217
426  2740
427  553
428  135
429  1428
430  1812
431  643
432  205
433  868
434  569
435  1829
436  264
437  111
438  2661
439  2082
440  1827
441  718
442  3502
443  673
444  1835
445  2205
446  1956
447  3987
448  2995
449  1091
450  901
451  2770
452  2154
453  14
454  609
455  1413
456  2533
457  1675
458  2336
459  1816
460  148
461  1341
462  1665
463  1741
464  267
465  2158
466  1465
467  387
468  674
469  1307
470  635
471  2703
472  167
473  2203
474  2168
475  836
476  1150
477  660
478  582
479  2537
480  580
481  1464
482  3008
483  465
484  1333
485  2235
486  1682
487  3013
488  3601
489  2236
490  1898
491  1953
492  3000
493  2534
494  2920
495  3092
496  1226
497  1849
498  147
499  1668
500  2147
501  719
502  1955
503  2943
504  145
505  1974
506  648
507  1261
508  566
509  1917
510  827
511  3309
512  3111
513  508
514  1813
515  3014
516  1676
517  1990
518  610
519  2848
520  889
521  3498
522  1422
523  1308
524  1342
525  2532
526  2693
527  3252
528  1811
529  1466
530  2959
531  1418
532  21
533  623
534  590
535  2932
536  3117
537  2737
538  2535
539  783
540  1129
541  2189
542  651
543  1033
544  2151
545  2937
546  2003
547  2150
548  1892
549  1515
550  3988
551  1647
552  316
553  2330
554  1904
555  1739
556  256
557  2720
558  2921
559  1376
560  1377
561  3156
562  2868
563  40
564  142
565  3632
566  662
567  466
568  1673
569  3241
570  2917
571  3818
572  388
573  1301
574  1014
575  2678
576  3278
577  3082
578  2549
579  1010
580  216
581  86
582  3104
583  2136
584  179
585  3974
586  1771
587  1081
588  2345
589  2109
590  2637
591  1759
592  734
593  1143
594  120
595  3220
596  35
597  2656
598  3015
599  2219
600  2139
601  2038
602  3975
603  2655
604  661
605  2516
606  1599
607  3976
608  3977
609  2457
610  3909
611  2909
612  2132
613  3978
614  3065
615  2137
616  172
617  68
618  1052
619  2481
620  1373
621  1502
622  1015
623  2310
624  3979
625  2323
626  1112
627  2550
628  3010
629  3274
630  725
631  1045
632  2220
633  2469
634  1034
635  3098
636  2626
637  1042
638  3980
639  1932
640  2564
641  1986
642  87
643  2140
644  2456
645  550
646  1040
647  2178
648  3490
649  1536
650  2554
651  1768
652  3847
653  1335
654  1310
655  1137
656  3955
657  861
658  2551
659  2552
660  2719
661  2141
662  2218
663  1055
664  2126
665  2232
666  2690
667  1396
668  3981
669  671
670  3004
671  3612
672  3181
673  3848
674  3982
675  2553
676  3682
677  2301
678  989
679  1949
680  2123
681  2143
682  943
683  3064
684  2359
685  2134
686  9
687  1782
688  1208
689  1320
690  2763
691  1548
692  3983
693  2306
694  956
695  1073
696  2824
697  554
698  7
699  2781
700  2563
701  1563
702  1182
703  1252
704  2223
705  1203
706  3491
707  1198
708  940
709  2390
710  3154
711  1343
712  1167
713  304
714  1148
715  3452
716  2133
717  261
718  2105
719  1230
720  268
721  2588
722  2521
723  2033
724  1427
725  1330
726  1214
727  164
728  1722
729  1162
730  2547
731  1603
732  295
733  1545
734  163
735  2777
736  305
737  2278
738  1641
739  376
740  70
741  2074
742  1417
743  2355
744  3268
745  352
746  794
747  1299
748  1359
749  448
750  3559
751  3054
752  1803
753  1030
754  1597
755  1531
756  2034
757  17
758  1532
759  2261
760  2582
761  3032
762  2257
763  2076
764  2347
765  2389
766  1684
767  1031
768  1158
769  527
770  44
771  484
772  1387
773  1429
774  1016
775  449
776  323
777  656
778  1334
779  2555
780  2546
781  1724
782  161
783  2694
784  177
785  906
786  1247
787  1525
788  2461
789  1180
790  433
791  1086
792  1760
793  1473
794  1119
795  983
796  996
797  1524
798  248
799  618
800  301
801  3984
802  2485
803  363
804  1161
805  1151
806  294
807  2309
808  2999
809  1601
810  1326
811  951
812  2372
813  1518
814  1729
815  995
816  1452
817  1266
818  531
819  587
820  1521
821  2242
822  712
823  1321
824  1278
825  312
826  1751
827  1232
828  336
829  973
830  837
831  1228
832  432
833  27
834  1777
835  2095
836  1565
837  1340
838  2908
839  1147
840  2378
841  1397
842  1237
843  2510
844  2523
845  2221
846  231
847  1267
848  41
849  2073
850  1558
851  3769
852  262
853  1215
854  3503
855  263
856  279
857  259
858  710
859  1629
860  3926
861  1457
862  271
863  1163
864  257
865  407
866  326
867  324
868  408
869  1021
870  283
871  475
872  695
873  931
874  696
875  3915
876  1164
877  1201
878  1205
879  293
880  3196
881  459
882  1270
883  3916
884  291
885  33
886  1235
887  932
888  1637
889  744
890  1017
891  3917
892  3918
893  319
894  500
895  464
896  653
897  1097
898  3563
899  523
900  3123
901  2211
902  3730
903  2210
904  74
905  880
906  3186
907  3501
908  1253
909  1439
910  470
911  4028
912  453
913  1590
914  3173
915  2186
916  3205
917  640
918  4029
919  2446
920  814
921  2441
922  2706
923  1539
924  1983
925  2725
926  910
927  3653
928  1819
929  743
930  3269
931  2818
932  1367
933  1380
934  3712
935  2864
936  1385
937  588
938  3099
939  596
940  3206
941  439
942  3461
943  855
944  2325
945  3476
946  2924
947  1792
948  2419
949  3404
950  1604
951  1564
952  3809
953  2051
954  2880
955  787
956  1419
957  3354
958  2966
959  3217
960  1533
961  488
962  2745
963  2238
964  877
965  2046
966  3459
967  2865
968  616
969  3474
970  1834
971  3164
972  3247
973  1322
974  1286
975  3726
976  3351
977  1947
978  2397
979  1416
980  1218
981  3584
982  308
983  3218
984  3716
985  1770
986  2852
987  1101
988  3729
989  3562
990  1458
991  181
992  2919
993  3326
994  2401
995  368
996  1117
997  3262
998  663
999  3251
1000  330
1001  1338
1002  121
1003  2589
1004  3198
1005  2578
1006  2404
1007  1131
1008  1666
1009  3455
1010  1275
1011  2334
1012  3276
1013  314
1014  2407
1015  3468
1016  1442
1017  2222
1018  3378
1019  3577
1020  3372
1021  2885
1022  3267
1023  598
1024  515
1025  2075
1026  1374
1027  170
1028  2990
1029  306
1030  162
1031  3357
1032  3281
1033  1259
1034  3141
1035  2197
1036  3456
1037  902
1038  2311
1039  3836
1040  3209
1041  2300
1042  2260
1043  1412
1044  3688
1045  1440
1046  133
1047  1557
1048  3284
1049  3254
1050  1913
1051  2157
1052  2647
1053  604
1054  3749
1055  1881
1056  2240
1057  512
1058  1100
1059  2774
1060  2982
1061  1589
1062  1216
1063  3248
1064  999
1065  2620
1066  3492
1067  2873
1068  3415
1069  3225
1070  224
1071  198
1072  2841
1073  1210
1074  2761
1075  3384
1076  2980
1077  1024
1078  3554
1079  3748
1080  2244
1081  3480
1082  3457
1083  3167
1084  3694
1085  1538
1086  392
1087  343
1088  807
1089  511
1090  1071
1091  911
1092  2987
1093  897
1094  1608
1095  2512
1096  4030
1097  2079
1098  307
1099  3597
1100  3465
1101  2416
1102  3374
1103  3473
1104  2851
1105  122
1106  546
1107  3541
1108  3645
1109  2214
1110  650
1111  1632
1112  2730
1113  2249
1114  778
1115  3770
1116  3333
1117  905
1118  2208
1119  4031
1120  2881
1121  3344
1122  1610
1123  3016
1124  3052
1125  3055
1126  1842
1127  729
1128  2573
1129  3447
1130  3038
1131  2284
1132  2436
1133  152
1134  370
1135  3056
1136  1648
1137  2195
1138  571
1139  2689
1140  3229
1141  2408
1142  2250
1143  3219
1144  1469
1145  4032
1146  3245
1147  3556
1148  2442
1149  3399
1150  591
1151  3027
1152  3504
1153  3802
1154  628
1155  1199
1156  2255
1157  426
1158  3513
1159  2901
1160  3542
1161  645
1162  1238
1163  3486
1164  3861
1165  338
1166  3180
1167  2159
1168  1526
1169  2353
1170  2836
1171  460
1172  2440
1173  1430
1174  1470
1175  3303
1176  3970
1177  782
1178  1184
1179  1609
1180  3786
1181  2989
1182  2431
1183  1381
1184  2969
1185  3227
1186  3239
1187  3080
1188  2825
1189  2083
1190  3750
1191  3261
1192  3443
1193  761
1194  104
1195  2888
1196  2744
1197  1438
1198  3784
1199  3101
1200  1510
1201  3835
1202  23
1203  1132
1204  2030
1205  3548
1206  4033
1207  3199
1208  274
1209  2773
1210  2027
1211  3249
1212  1008
1213  876
1214  670
1215  1348
1216  2899
1217  2110
1218  1415
1219  3647
1220  899
1221  2813
1222  3029
1223  1979
1224  247
1225  1916
1226  2950
1227  3512
1228  1950
1229  3446
1230  3313
1231  2595
1232  2951
1233  3840
1234  1592
1235  1366
1236  1877
1237  1922
1238  3213
1239  3912
1240  24
1241  2968
1242  3746
1243  3565
1244  2117
1245  3603
1246  2379
1247  2853
1248  1072
1249  2369
1250  3193
1251  3025
1252  851
1253  199
1254  200
1255  3223
1256  3214
1257  3481
1258  2341
1259  223
1260  3169
1261  2434
1262  3985
1263  2988
1264  556
1265  3329
1266  1885
1267  3811
1268  383
1269  3226
1270  680
1271  3185
1272  3022
1273  2520
1274  1455
1275  2658
1276  3973
1277  592
1278  3182
1279  3580
1280  2022
1281  3626
1282  3361
1283  157
1284  2435
1285  3216
1286  2054
1287  3849
1288  3215
1289  3870
1290  2986
1291  2268
1292  2049
1293  3884
1294  2253
1295  607
1296  2711
1297  608
1298  3516
1299  1976
1300  3417
1301  2299
1302  3246
1303  2874
1304  742
1305  2949
1306  2335
1307  1231
1308  840
1309  3706
1310  3019
1311  3402
1312  2696
1313  3420
1314  2204
1315  3561
1316  3771
1317  481
1318  2252
1319  3289
1320  3271
1321  780
1322  1386
1323  3652
1324  2604
1325  1635
1326  1631
1327  2090
1328  1462
1329  3522
1330  1535
1331  1613
1332  646
1333  2903
1334  2290
1335  2891
1336  3888
1337  1152
1338  2624
1339  3095
1340  3780
1341  3529
1342  2898
1343  1882
1344  2727
1345  3442
1346  1607
1347  77
1348  2867
1349  1509
1350  3177
1351  3558
1352  2938
1353  1136
1354  2596
1355  2004
1356  1002
1357  186
1358  1424
1359  3224
1360  578
1361  3295
1362  3844
1363  2952
1364  3317
1365  3862
1366  1499
1367  1617
1368  788
1369  753
1370  3299
1371  893
1372  2942
1373  2373
1374  2028
1375  3195
1376  2444
1377  3061
1378  2239
1379  3725
1380  3834
1381  3731
1382  3683
1383  655
1384  1717
1385  2247
1386  4034
1387  504
1388  3557
1389  3794
1390  3175
1391  2882
1392  3592
1393  1108
1394  1144
1395  3807
1396  3600
1397  3422
1398  3628
1399  1602
1400  2048
1401  1395
1402  3508
1403  1443
1404  3705
1405  1094
1406  442
1407  3191
1408  2176
1409  2184
1410  1743
1411  3347
1412  2840
1413  3466
1414  3872
1415  1959
1416  3194
1417  3953
1418  2511
1419  412
1420  2316
1421  2138
1422  1566
1423  3464
1424  1575
1425  1828
1426  2884
1427  2245
1428  2152
1429  2860
1430  3438
1431  1937
1432  3581
1433  1799
1434  2092
1435  633
1436  2167
1437  2850
1438  3485
1439  3951
1440  1355
1441  1878
1442  168
1443  2723
1444  441
1445  1480
1446  3377
1447  828
1448  3521
1449  2385
1450  795
1451  3691
1452  2213
1453  1571
1454  3460
1455  1138
1456  2413
1457  3201
1458  2641
1459  2025
1460  2705
1461  2394
1462  3355
1463  3952
1464  2118
1465  2165
1466  4035
1467  3107
1468  2084
1469  139
1470  1102
1471  518
1472  854
1473  299
1474  1705
1475  2041
1476  1918
1477  862
1478  1039
1479  2883
1480  2392
1481  2409
1482  2710
1483  819
1484  2291
1485  3398
1486  817
1487  2131
1488  3208
1489  3463
1490  1626
1491  3074
1492  444
1493  3236
1494  1453
1495  3312
1496  2709
1497  1243
1498  1606
1499  176
1500  2861
1501  521
1502  3162
1503  2939
1504  2539
1505  292
1506  3723
1507  2470
1508  3720
1509  2585
1510  3263
1511  2651
1512  1384
1513  2548
1514  2254
1515  3298
1516  2269
1517  3892
1518  516
1519  2170
1520  1838
1521  3484
1522  3525
1523  1850
1524  3760
1525  2923
1526  2085
1527  629
1528  1815
1529  802
1530  3813
1531  1001
1532  2994
1533  2209
1534  1018
1535  3142
1536  62
1537  289
1538  2411
1539  3890
1540  506
1541  2957
1542  3781
1543  1508
1544  1886
1545  298
1546  2172
1547  3487
1548  1720
1549  805
1550  3578
1551  2973
1552  1077
1553  622
1554  1857
1555  576
1556  2617
1557  2768
1558  2997
1559  2855
1560  4036
1561  2998
1562  1460
1563  3294
1564  1880
1565  2248
1566  1242
1567  2495
1568  3296
1569  1520
1570  2766
1571  812
1572  3753
1573  1365
1574  401
1575  2790
1576  3478
1577  2677
1578  3695
1579  3389
1580  3324
1581  4037
1582  3606
1583  3349
1584  2381
1585  1425
1586  134
1587  3686
1588  1362
1589  1853
1590  886
1591  52
1592  3721
1593  1686
1594  317
1595  3588
1596  3518
1597  3075
1598  665
1599  1177
1600  3526
1601  2927
1602  3316
1603  2259
1604  3234
1605  2741
1606  3376
1607  502
1608  3250
1609  3608
1610  2417
1611  2037
1612  3439
1613  3102
1614  3637
1615  1476
1616  1200
1617  2978
1618  1846
1619  3184
1620  2501
1621  666
1622  3428
1623  3264
1624  2465
1625  3279
1626  779
1627  171
1628  2032
1629  2212
1630  2202
1631  1625
1632  2979
1633  2954
1634  1054
1635  3539
1636  3517
1637  1856
1638  3646
1639  2009
1640  1674
1641  1543
1642  524
1643  3791
1644  1600
1645  2742
1646  1612
1647  3448
1648  3238
1649  3165
1650  272
1651  3913
1652  3891
1653  3779
1654  318
1655  3479
1656  1005
1657  471
1658  2972
1659  3814
1660  47
1661  2524
1662  3638
1663  1383
1664  474
1665  3540
1666  340
1667  796
1668  3176
1669  3810
1670  620
1671  2629
1672  510
1673  1433
1674  974
1675  1820
1676  381
1677  2422
1678  1507
1679  2031
1680  1128
1681  3343
1682  3690
1683  2543
1684  6
1685  1327
1686  2673
1687  1414
1688  2320
1689  3796
1690  3954
1691  3579
1692  2468
1693  182
1694  647
1695  2251
1696  1176
1697  2983
1698  2382
1699  3272
1700  1869
1701  517
1702  747
1703  1234
1704  440
1705  1529
1706  1347
1707  2974
1708  1375
1709  1934
1710  3183
1711  80
1712  3773
1713  2188
1714  3458
1715  3560
1716  1392
1717  3050
1718  1353
1719  2557
1720  2598
1721  1627
1722  606
1723  3893
1724  3166
1725  541
1726  1423
1727  2572
1728  3469
1729  3288
1730  367
1731  1239
1732  3598
1733  2192
1734  1328
1735  3441
1736  3212
1737  3808
1738  3304
1739  73
1740  3641
1741  1826
1742  3445
1743  2487
1744  1987
1745  2862
1746  3192
1747  2206
1748  2671
1749  545
1750  3094
1751  3564
1752  3200
1753  3453
1754  3314
1755  3944
1756  2354
1757  3243
1758  702
1759  1824
1760  235
1761  1175
1762  1139
1763  3338
1764  3684
1765  1999
1766  3270
1767  1130
1768  424
1769  3451
1770  402
1771  2776
1772  2053
1773  3346
1774  2144
1775  3860
1776  472
1777  2270
1778  425
1779  1879
1780  2351
1781  1075
1782  2418
1783  800
1784  3275
1785  543
1786  3470
1787  2201
1788  1441
1789  1860
1790  2265
1791  79
1792  1555
1793  3826
1794  773
1795  3871
1796  3803
1797  81
1798  2194
1799  3440
1800  3152
1801  3280
1802  3302
1803  2297
1804  1851
1805  3308
1806  1190
1807  1076
1808  452
1809  3211
1810  3244
1811  3069
1812  3795
1813  3036
1814  1179
1815  2746
1816  3618
1817  2580
1818  2179
1819  3049
1820  3350
1821  3914
1822  1890
1823  2234
1824  3599
1825  1516
1826  3825
1827  810
1828  2945
1829  2634
1830  3097
1831  967
1832  3543
1833  1755
1834  4038
1835  71
1836  3291
1837  2191
1838  534
1839  2237
1840  331
1841  3467
1842  3553
1843  3411
1844  2078
1845  1224
1846  2639
1847  1358
1848  3708
1849  3856
1850  1292
1851  2666
1852  2114
1853  3301
1854  681
1855  3178
1856  3150
1857  3514
1858  1009
1859  3696
1860  37
1861  597
1862  1391
1863  2638
1864  3523
1865  2599
1866  2294
1867  3023
1868  3210
1869  3170
1870  3623
1871  3444
1872  1388
1873  3772
1874  3334
1875  3687
1876  844
1877  3431
1878  3290
1879  3793
1880  2231
1881  3006
1882  2174
1883  3034
1884  3587
1885  2826
1886  1859
1887  3396
1888  1730
1889  189
1890  100
1891  1866
1892  3605
1893  2026
1894  664
1895  2193
1896  575
1897  2181
1898  3549
1899  631
1900  2732
1901  1293
1902  3783
1903  3685
1904  2497
1905  1914
1906  2541
1907  3798
1908  1707
1909  32
1910  1006
1911  752
1912  5
1913  2815
1914  3527
1915  1573
1916  2907
1917  3665
1918  3907
1919  3058
1920  3759
1921  1623
1922  1901
1923  829
1924  3207
1925  3785
1926  2531
1927  3363
1928  1624
1929  3859
1930  3174
1931  3067
1932  3858
1933  2229
1934  856
1935  3569
1936  852
1937  639
1938  3762
1939  3253
1940  3382
1941  2863
1942  2716
1943  3567
1944  1258
1945  3188
1946  3853
1947  3571
1948  2427
1949  2800
1950  1868
1951  3340
1952  3724
1953  3933
1954  3630
1955  2611
1956  143
1957  2258
1958  3385
1959  2571
1960  1487
1961  1420
1962  3576
1963  3693
1964  461
1965  1582
1966  2871
1967  3966
1968  3583
1969  3894
1970  832
1971  3477
1972  1586
1973  3040
1974  557
1975  1245
1976  1581
1977  1063
1978  2795
1979  3664
1980  1742
1981  3717
1982  2459
1983  2858
1984  3381
1985  2421
1986  3610
1987  2872
1988  842
1989  3934
1990  2631
1991  2266
1992  1699
1993  3242
1994  3640
1995  2166
1996  361
1997  3881
1998  3041
1999  2772
2000  3369
2001  2765
2002  2984
2003  2544
2004  2227
2005  3863
2006  1867
2007  3086
2008  2667
2009  1615
2010  3806
2011  3627
2012  3728
2013  3392
2014  2267
2015  413
2016  3775
2017  258
2018  1585
2019  2752
2020  3928
2021  3965
2022  3045
2023  1788
2024  3071
2025  3718
2026  3373
2027  3368
2028  2905
2029  1263
2030  3609
2031  785
2032  2574
2033  3906
2034  296
2035  2340
2036  1504
2037  230
2038  2799
2039  3756
2040  3305
2041  529
2042  2608
2043  3805
2044  2859
2045  3921
2046  3971
2047  757
2048  3414
2049  1758
2050  3534
2051  1029
2052  2896
2053  3327
2054  2016
2055  3963
2056  1562
2057  2839
2058  2845
2059  3935
2060  3135
2061  1753
2062  2948
2063  3620
2064  3574
2065  3315
2066  820
2067  2505
2068  2832
2069  2428
2070  3160
2071  2600
2072  2023
2073  2448
2074  3924
2075  3144
2076  1690
2077  3932
2078  3778
2079  4016
2080  2508
2081  1713
2082  2700
2083  3660
2084  2819
2085  1988
2086  3948
2087  418
2088  3394
2089  2683
2090  3831
2091  1883
2092  2503
2093  3240
2094  548
2095  3855
2096  2040
2097  3625
2098  3959
2099  519
2100  1731
2101  1968
2102  2817
2103  2443
2104  3919
2105  2116
2106  144
2107  1011
2108  3939
2109  3960
2110  2976
2111  2805
2112  3432
2113  758
2114  1061
2115  3595
2116  2654
2117  2305
2118  3619
2119  2733
2120  1274
2121  3489
2122  3937
2123  3666
2124  3869
2125  2906
2126  966
2127  2831
2128  1113
2129  1907
2130  3282
2131  3649
2132  2902
2133  723
2134  3114
2135  3318
2136  3833
2137  3817
2138  2866
2139  3673
2140  3816
2141  2507
2142  2843
2143  3622
2144  2587
2145  1519
2146  1272
2147  1568
2148  2576
2149  2935
2150  2977
2151  2616
2152  487
2153  2593
2154  3497
2155  2687
2156  501
2157  2749
2158  2970
2159  2262
2160  1483
2161  2610
2162  2410
2163  3739
2164  3657
2165  2447
2166  3155
2167  1003
2168  377
2169  3121
2170  1698
2171  2748
2172  3575
2173  1223
2174  3126
2175  3429
2176  1332
2177  1871
2178  1041
2179  3642
2180  3331
2181  1303
2182  1863
2183  3495
2184  3650
2185  3763
2186  2879
2187  3163
2188  3800
2189  2739
2190  3908
2191  2890
2192  3535
2193  1471
2194  3636
2195  4017
2196  3330
2197  1984
2198  2981
2199  1823
2200  3710
2201  3789
2202  3570
2203  2807
2204  570
2205  3427
2206  3655
2207  823
2208  3494
2209  2504
2210  3812
2211  1431
2212  3956
2213  3927
2214  533
2215  3109
2216  3435
2217  477
2218  3472
2219  3550
2220  3671
2221  1993
2222  1062
2223  2940
2224  2941
2225  1845
2226  892
2227  1123
2228  1661
2229  2420
2230  891
2231  1662
2232  1087
2233  2960
2234  2718
2235  2015
2236  759
2237  3436
2238  1490
2239  3555
2240  3651
2241  2613
2242  1262
2243  3259
2244  3668
2245  964
2246  2934
2247  2814
2248  2659
2249  3335
2250  2802
2251  1957
2252  2055
2253  3837
2254  3754
2255  1963
2256  1506
2257  3827
2258  3692
2259  887
2260  1929
2261  3943
2262  1605
2263  482
2264  3764
2265  1022
2266  2522
2267  3757
2268  3091
2269  4018
2270  3128
2271  3590
2272  3345
2273  3737
2274  2052
2275  3678
2276  3670
2277  1213
2278  3602
2279  3115
2280  3093
2281  525
2282  1715
2283  514
2284  1843
2285  2894
2286  1323
2287  2993
2288  3235
2289  1227
2290  3945
2291  1013
2292  2928
2293  3328
2294  1716
2295  3648
2296  1110
2297  1616
2298  2971
2299  3957
2300  1569
2301  923
2302  438
2303  3137
2304  1714
2305  3146
2306  3961
2307  3931
2308  3942
2309  2383
2310  3604
2311  3615
2312  2918
2313  114
2314  2652
2315  3639
2316  214
2317  733
2318  1096
2319  2828
2320  1764
2321  174
2322  2492
2323  3905
2324  3292
2325  1692
2326  3433
2327  3145
2328  1710
2329  3669
2330  3593
2331  3662
2332  3087
2333  1709
2334  3138
2335  1474
2336  2833
2337  3365
2338  3325
2339  3413
2340  3423
2341  990
2342  958
2343  3616
2344  3568
2345  644
2346  3515
2347  2590
2348  3674
2349  1942
2350  1570
2351  3738
2352  3874
2353  3790
2354  3854
2355  2803
2356  3865
2357  313
2358  654
2359  3968
2360  1670
2361  1512
2362  3410
2363  3594
2364  1806
2365  2753
2366  2561
2367  3020
2368  1116
2369  3663
2370  3922
2371  1020
2372  2834
2373  2130
2374  3940
2375  1255
2376  3614
2377  3735
2378  2750
2379  3021
2380  3714
2381  3930
2382  1401
2383  3265
2384  2794
2385  427
2386  3621
2387  2491
2388  2226
2389  2809
2390  3258
2391  1561
2392  3767
2393  2714
2394  3573
2395  3658
2396  3582
2397  1930
2398  2735
2399  2011
2400  2816
2401  843
2402  1830
2403  2663
2404  3566
2405  1583
2406  601
2407  3644
2408  3867
2409  3661
2410  3462
2411  706
2412  358
2413  2829
2414  3765
2415  3585
2416  2498
2417  3380
2418  3925
2419  898
2420  3852
2421  113
2422  414
2423  3820
2424  2670
2425  2676
2426  2623
2427  2876
2428  3416
2429  3400
2430  3707
2431  952
2432  3030
2433  3910
2434  2922
2435  3387
2436  3190
2437  265
2438  1994
2439  698
2440  2198
2441  669
2442  3969
2443  423
2444  2317
2445  3755
2446  3879
2447  3042
2448  211
2449  2846
2450  724
2451  1969
2452  1390
2453  535
2454  1620
2455  1044
2456  16
2457  4019
2458  2992
2459  1598
2460  3829
2461  2870
2462  3293
2463  3634
2464  3675
2465  2615
2466  1798
2467  3941
2468  3103
2469  3936
2470  4020
2471  3744
2472  2607
2473  2562
2474  831
2475  3804
2476  2717
2477  3864
2478  2669
2479  3743
2480  1370
2481  1294
2482  3421
2483  131
2484  3643
2485  3672
2486  1762
2487  526
2488  1680
2489  3713
2490  2324
2491  3096
2492  3821
2493  3149
2494  2702
2495  3920
2496  3886
2497  1962
2498  1837
2499  219
2500  3877
2501  1954
2502  2900
2503  2680
2504  3434
2505  950
2506  2606
2507  3425
2508  3635
2509  1712
2510  2517
2511  3741
2512  3130
2513  2628
2514  818
2515  1577
2516  2904
2517  1435
2518  2947
2519  3383
2520  3488
2521  3617
2522  3151
2523  1750
2524  3950
2525  2715
2526  2388
2527  106
2528  494
2529  2806
2530  3110
2531  2810
2532  3875
2533  3189
2534  1093
2535  140
2536  3507
2537  3589
2538  3339
2539  3880
2540  632
2541  1402
2542  2869
2543  2528
2544  2991
2545  2307
2546  3424
2547  3857
2548  822
2549  3868
2550  3228
2551  3946
2552  3787
2553  3078
2554  3962
2555  2526
2556  3788
2557  2707
2558  278
2559  3866
2560  3108
2561  3761
2562  2286
2563  3679
2564  3419
2565  362
2566  1505
2567  2591
2568  3260
2569  4021
2570  1236
2571  3390
2572  2892
2573  3828
2574  3676
2575  3797
2576  2605
2577  1708
2578  3832
2579  3967
2580  3496
2581  260
2582  2930
2583  3528
2584  3120
2585  3715
2586  3947
2587  1873
2588  1621
2589  3148
2590  3659
2591  3911
2592  3300
2593  3923
2594  3100
2595  132
2596  4022
2597  1865
2598  3187
2599  3903
2600  3801
2601  3677
2602  3475
2603  2021
2604  3256
2605  2985
2606  3958
2607  3819
2608  2592
2609  3887
2610  1357
2611  2338
2612  2946
2613  3964
2614  1000
2615  3591
2616  2808
2617  3752
2618  1496
2619  3873
2620  3379
2621  942
2622  863
2623  3838
2624  2975
2625  3878
2626  1752
2627  3631
2628  3168
2629  2567
2630  3667
2631  2877
2632  1530
2633  3629
2634  1154
2635  3391
2636  3699
2637  1836
2638  3938
2639  3697
2640  3342
2641  888
2642  1171
2643  2963
2644  1500
2645  3044
2646  3426
2647  3364
2648  1754
2649  2962
2650  1689
2651  558
2652  3742
2653  2614
2654  3949
2655  3839
2656  1522
2657  3066
2658  3633
2659  1884
2660  3719
2661  1567
2662  1595
2663  775
2664  2747
2665  1732
2666  3039
2667  1738
2668  46
2669  3454
2670  799
2671  689
2672  3407
2673  1121
2674  2887
2675  3005
2676  3051
2677  128
2678  1700
2679  3510
2680  3037
2681  3736
2682  602
2683  2565
2684  3237
2685  2298
2686  896
2687  2964
2688  1185
2689  3062
2690  1646
2691  108
2692  2895
2693  574
2694  1711
2695  3323
2696  2458
2697  2125
2698  3257
2699  1972
2700  1066
2701  3409
2702  1082
2703  1498
2704  3336
2705  3544
2706  2005
2707  1786
2708  2758
2709  1807
2710  2107
2711  203
2712  2728
2713  2333
2714  3070
2715  2101
2716  1756
2717  3732
2718  1794
2719  1920
2720  3089
2721  690
2722  3851
2723  2933
2724  755
2725  1285
2726  777
2727  2484
2728  2329
2729  2289
2730  1671
2731  2424
2732  926
2733  3405
2734  124
2735  1734
2736  2609
2737  2878
2738  212
2739  2108
2740  3337
2741  2313
2742  2343
2743  3133
2744  2405
2745  398
2746  3745
2747  2797
2748  883
2749  2439
2750  2044
2751  1975
2752  2847
2753  2961
2754  1876
2755  3370
2756  2755
2757  3002
2758  1706
2759  1897
2760  786
2761  2560
2762  2396
2763  2556
2764  1271
2765  1134
2766  221
2767  2804
2768  2493
2769  2287
2770  3842
2771  532
2772  1513
2773  3537
2774  454
2775  2657
2776  551
2777  907
2778  2163
2779  2788
2780  2089
2781  1036
2782  3320
2783  2177
2784  1737
2785  2277
2786  2425
2787  2113
2788  679
2789  568
2790  2020
2791  204
2792  109
2793  3171
2794  2292
2795  2070
2796  3221
2797  2756
2798  3766
2799  1410
2800  909
2801  2953
2802  3077
2803  1454
2804  3418
2805  127
2806  1288
2807  1300
2808  443
2809  934
2810  2288
2811  2775
2812  1068
2813  380
2814  2273
2815  3060
2816  3607
2817  683
2818  984
2819  2822
2820  2071
2821  220
2822  1693
2823  3401
2824  691
2825  1757
2826  1088
2827  2010
2828  3406
2829  1588
2830  2433
2831  2302
2832  1766
2833  3500
2834  2783
2835  3545
2836  538
2837  978
2838  405
2839  1874
2840  1905
2841  938
2842  4023
2843  1933
2844  1923
2845  3230
2846  867
2847  2796
2848  1475
2849  3499
2850  3547
2851  2276
2852  3885
2853  3596
2854  2699
2855  3824
2856  1719
2857  2057
2858  1337
2859  2241
2860  3850
2861  485
2862  3395
2863  25
2864  2764
2865  1678
2866  2698
2867  2012
2868  1740
2869  513
2870  2295
2871  2931
2872  3233
2873  3493
2874  3132
2875  2967
2876  2183
2877  1978
2878  2525
2879  1971
2880  3283
2881  1651
2882  2366
2883  2929
2884  520
2885  636
2886  540
2887  3113
2888  2387
2889  839
2890  2538
2891  3519
2892  2721
2893  715
2894  2224
2895  849
2896  1133
2897  3704
2898  1115
2899  2530
2900  2854
2901  1726
2902  1145
2903  1289
2904  353
2905  3321
2906  3532
2907  2403
2908  3876
2909  900
2910  2771
2911  2043
2912  3611
2913  3158
2914  2509
2915  2018
2916  2013
2917  3740
2918  2913
2919  2586
2920  1899
2921  1784
2922  1318
2923  1314
2924  2438
2925  1980
2926  563
2927  903
2928  1844
2929  2445
2930  927
2931  2729
2932  2001
2933  1482
2934  878
2935  1896
2936  207
2937  2738
2938  2496
2939  1114
2940  2036
2941  2467
2942  3024
2943  1889
2944  2002
2945  3362
2946  213
2947  3131
2948  1090
2949  539
2950  2127
2951  555
2952  1394
2953  3751
2954  2135
2955  1948
2956  3359
2957  1514
2958  1809
2959  865
2960  2014
2961  668
2962  682
2963  3197
2964  2479
2965  2164
2966  2399
2967  1875
2968  830
2969  3533
2970  3782
2971  2760
2972  1501
2973  3356
2974  3689
2975  2086
2976  3084
2977  3546
2978  584
2979  206
2980  914
2981  2414
2982  2356
2983  1202
2984  1594
2985  3768
2986  2767
2987  3375
2988  3136
2989  1789
2990  3105
2991  3266
2992  1591
2993  3360
2994  3386
2995  2597
2996  2216
2997  1211
2998  2778
2999  573
3000  3140
3001  1083
3002  1089
3003  406
3004  3306
3005  1067
3006  3972
3007  2350
3008  2321
3009  2225
3010  933
3011  1296
3012  1297
3013  873
3014  3536
3015  2207
3016  884
3017  1491
3018  2838
3019  201
3020  1456
3021  3776
3022  3367
3023  2006
3024  1773
3025  2312
3026  3083
3027  793
3028  185
3029  3703
3030  2569
3031  4024
3032  1832
3033  3353
3034  872
3035  1268
3036  434
3037  110
3038  1363
3039  3310
3040  3551
3041  2328
3042  375
3043  2630
3044  913
3045  146
3046  2331
3047  3846
3048  2332
3049  2024
3050  2376
3051  2494
3052  1697
3053  963
3054  1964
3055  455
3056  2751
3057  789
3058  2432
3059  1372
3060  1924
3061  1170
3062  2482
3063  1511
3064  3286
3065  3031
3066  960
3067  1793
3068  1985
3069  1479
3070  3777
3071  4025
3072  599
3073  3106
3074  456
3075  1095
3076  1926
3077  48
3078  3698
3079  2429
3080  935
3081  1169
3082  2668
3083  1173
3084  372
3085  3511
3086  1973
3087  1426
3088  2155
3089  2377
3090  2093
3091  692
3092  3311
3093  2685
3094  3841
3095  397
3096  2035
3097  2326
3098  2050
3099  2162
3100  2365
3101  2156
3102  3799
3103  2632
3104  1952
3105  159
3106  1861
3107  1035
3108  3063
3109  3125
3110  2812
3111  2713
3112  3709
3113  1135
3114  2342
3115  3047
3116  1650
3117  3033
3118  3172
3119  859
3120  3654
3121  187
3122  1193
3123  3222
3124  1663
3125  3889
3126  979
3127  457
3128  961
3129  1122
3130  2106
3131  928
3132  3586
3133  2506
3134  3733
3135  2402
3136  66
3137  2486
3138  2099
3139  766
3140  869
3141  489
3142  3285
3143  1981
3144  1281
3145  1098
3146  1996
3147  684
3148  2160
3149  3358
3150  1781
3151  2784
3152  1284
3153  373
3154  790
3155  1485
3156  2391
3157  218
3158  2400
3159  1329
3160  2583
3161  2314
3162  549
3163  3552
3164  1547
3165  1791
3166  2426
3167  1787
3168  180
3169  3613
3170  2762
3171  2645
3172  2246
3173  1718
3174  3702
3175  2965
3176  813
3177  2793
3178  2097
3179  2736
3180  929
3181  930
3182  2724
3183  4026
3184  2558
3185  2145
3186  2519
3187  65
3188  860
3189  2430
3190  2346
3191  2367
3192  3397
3193  2559
3194  904
3195  1124
3196  1783
3197  1140
3198  2827
3199  2029
3200  55
3201  3053
3202  3332
3203  1560
3204  1106
3205  1936
3206  3129
3207  1946
3208  1808
3209  2691
3210  2916
3211  1744
3212  2681
3213  1902
3214  1283
3215  2115
3216  762
3217  1619
3218  1194
3219  2787
3220  2042
3221  1028
3222  1503
3223  2483
3224  1379
3225  853
3226  1903
3227  803
3228  3701
3229  846
3230  4027
3231  977
3232  847
3233  505
3234  2581
3235  2893
3236  2911
3237  1966
3238  3700
3239  3471
3240  3153
3241  2337
3242  1800
3243  3711
3244  2489
3245  881
3246  2490
3247  3430
3248  530
3249  2019
3250  3882
3251  925
3252  3412
3253  1977
3254  2466
3255  1721
3256  562
3257  2575
3258  1324
3259  3003
3260  2199
3261  2370
3262  3408
3263  1157
3264  1891
3265  225
3266  1222
3267  495
3268  96
3269  589
3270  672
3271  51
3272  354
3273  1797
3274  192
3275  2072
3276  2480
3277  3161
3278  2455
3279  509
3280  349
3281  2045
3282  3904
3283  1549
3284  3520
3285  2646
3286  2008
3287  1854
3288  1364
3289  3017
3290  404
3291  1745
3292  2648
3293  3531
3294  1059
3295  1019
3296  2789
3297  3073
3298  1747
3299  1356
3300  583
3301  1120
3302  756
3303  208
3304  1701
3305  2875
3306  2584
3307  2077
3308  1183
3309  1943
3310  1841
3311  2362
3312  2304
3313  2529
3314  882
3315  3231
3316  1618
3317  2570
3318  798
3319  3011
3320  1919
3321  1345
3322  980
3323  3348
3324  614
3325  1497
3326  2545
3327  528
3328  1960
3329  1652
3330  2007
3331  1012
3332  3403
3333  1847
3334  2791
3335  2664
3336  1174
3337  3287
3338  1165
3339  3072
3340  1804
3341  2067
3342  1352
3343  1070
3344  3124
3345  1305
3346  1958
3347  1855
3348  3322
3349  1840
3350  2675
3351  2743
3352  2759
3353  2173
3354  1195
3355  3572
3356  2017
3357  2821
3358  1614
3359  3157
3360  2098
3361  1696
3362  1965
3363  2500
3364  3727
3365  613
3366  791
3367  2263
3368  1906
3369  1669
3370  3203
3371  2837
3372  1146
3373  1796
3374  586
3375  2779
3376  1191
3377  1493
3378  2081
3379  3319
3380  2856
3381  3068
3382  1944
3383  2069
3384  3538
3385  1931
3386  3371
3387  3352
3388  1127
3389  1349
3390  908
3391  3656
3392  768
3393  2801
3394  937
3395  2844
3396  1925
3397  986
3398  1221
3399  3792
3400  1611
3401  1192
3402  1156
3403  2540
3404  1831
3405  959
3406  2518
3407  97
3408  3734
3409  2142
3410  2708
3411  2124
3412  1945
3413  2293
3414  3232
3415  2515
3416  1622
3417  3090
3418  3012
3419  1864
3420  2633
3421  2542
3422  2185
3423  1576
3424  1350
3425  1159
3426  2339
3427  1166
3428  1991
3429  1870
3430  2912
3431  2476
3432  1287
3433  3134
3434  3273
3435  3366
3436  3255
3437  1
3438  1528
3439  156
3440  547
3441  1921
3442  116
3443  165
3444  467
3445  2386
3446  1160
3447  1411
3448  2348
3449  627
3450  3043
3451  4003
3452  1593
3453  4004
3454  379
3455  366
3456  1298
3457  2352
3458  2695
3459  1025
3460  1940
3461  1858
3462  1817
3463  2835
3464  821
3465  2474
3466  1027
3467  2780
3468  1649
3469  1938
3470  1444
3471  1703
3472  1910
3473  1277
3474  2303
3475  1702
3476  2477
3477  311
3478  1254
3479  2058
3480  2594
3481  2064
3482  1280
3483  763
3484  1927
3485  1749
3486  1354
3487  536
3488  2786
3489  498
3490  953
3491  1316
3492  2398
3493  2682
3494  1862
3495  346
3496  1409
3497  1704
3498  2566
3499  975
3500  1633
3501  1970
3502  917
3503  72
3504  559
3505  751
3506  1196
3507  1346
3508  765
3509  2731
3510  1951
3511  721
3512  2635
3513  365
3514  2196
3515  1432
3516  2066
3517  2344
3518  2233
3519  2473
3520  2830
3521  160
3522  2094
3523  2065
3524  1772
3525  809
3526  386
3527  3122
3528  1748
3529  1643
3530  300
3531  1043
3532  1653
3533  149
3534  1659
3535  641
3536  42
3537  581
3538  731
3539  462
3540  2363
3541  2275
3542  1685
3543  848
3544  61
3545  1244
3546  117
3547  1225
3548  333
3549  954
3550  1037
3551  537
3552  3112
3553  764
3554  1559
3555  965
3556  63
3557  2712
3558  1572
3559  1233
3560  236
3561  69
3562  2059
3563  2914
3564  619
3565  522
3566  982
3567  1935
3568  955
3569  3088
3570  4005
3571  360
3572  3450
3573  1107
3574  2958
3575  2612
3576  1765
3577  2279
3578  2955
3579  2475
3580  745
3581  2120
3582  3116
3583  356
3584  727
3585  1484
3586  302
3587  1656
3588  1378
3589  2450
3590  1541
3591  2726
3592  56
3593  1691
3594  2122
3595  1912
3596  378
3597  3830
3598  864
3599  1540
3600  1821
3601  2464
3602  1769
3603  2886
3604  1246
3605  1660
3606  707
3607  2380
3608  652
3609  3007
3610  36
3611  2102
3612  328
3613  2060
3614  1099
3615  1802
3616  137
3617  728
3618  3524
3619  833
3620  2692
3621  215
3622  1801
3623  2514
3624  701
3625  355
3626  544
3627  1848
3628  992
3629  784
3630  2910
3631  2697
3632  624
3633  210
3634  2308
3635  403
3636  1550
3637  342
3638  286
3639  2453
3640  1517
3641  2627
3642  1780
3643  2318
3644  1304
3645  997
3646  2180
3647  970
3648  202
3649  2061
3650  4006
3651  885
3652  463
3653  1269
3654  1360
3655  1763
3656  2679
3657  1908
3658  2842
3659  577
3660  1551
3661  351
3662  476
3663  890
3664  374
3665  469
3666  3449
3667  1746
3668  3159
3669  918
3670  394
3671  382
3672  102
3673  1344
3674  615
3675  1092
3676  499
3677  564
3678  1833
3679  322
3680  126
3681  3085
3682  732
3683  2384
3684  1459
3685  1911
3686  3307
3687  2956
3688  2451
3689  2047
3690  112
3691  237
3692  1368
3693  858
3694  229
3695  2062
3696  1658
3697  1534
3698  1279
3699  1537
3700  919
3701  273
3702  2228
3703  774
3704  3437
3705  371
3706  1291
3707  1839
3708  2478
3709  4007
3710  1542
3711  1735
3712  3393
3713  2463
3714  1339
3715  2704
3716  1168
3717  238
3718  2665
3719  1727
3720  282
3721  209
3722  1219
3723  957
3724  1776
3725  993
3726  2823
3727  496
3728  1544
3729  4008
3730  2217
3731  2100
3732  2782
3733  431
3734  1313
3735  2568
3736  3119
3737  776
3738  767
3739  1319
3740  344
3741  2820
3742  280
3743  994
3744  239
3745  497
3746  94
3747  1250
3748  4009
3749  730
3750  638
3751  486
3752  222
3753  1546
3754  1556
3755  2171
3756  288
3757  1085
3758  1634
3759  417
3760  411
3761  1989
3762  1810
3763  2499
3764  1032
3765  3823
3766  2650
3767  1579
3768  1209
3769  870
3770  1578
3771  804
3772  1767
3773  2361
3774  359
3775  290
3776  1655
3777  2722
3778  1220
3779  968
3780  811
3781  420
3782  1723
3783  2625
3784  1382
3785  2111
3786  1818
3787  700
3788  3388
3789  34
3790  1472
3791  503
3792  393
3793  1212
3794  1186
3795  2642
3796  2792
3797  1887
3798  4010
3799  284
3800  2274
3801  76
3802  1790
3803  611
3804  1728
3805  1109
3806  760
3807  1400
3808  678
3809  579
3810  2149
3811  2190
3812  801
3813  920
3814  1489
3815  2577
3816  667
3817  2349
3818  3081
3819  1079
3820  4011
3821  1007
3822  1351
3823  266
3824  2175
3825  458
3826  605
3827  415
3828  1580
3829  1229
3830  98
3831  771
3832  2437
3833  1249
3834  3028
3835  2488
3836  334
3837  2472
3838  1207
3839  1188
3840  2319
3841  1527
3842  1069
3843  3026
3844  838
3845  3118
3846  95
3847  325
3848  626
3849  468
3850  1909
3851  1915
3852  2915
3853  4012
3854  3680
3855  1060
3856  4013
3857  2296
3858  3009
3859  1825
3860  3001
3861  115
3862  419
3863  1197
3864  921
3865  3530
3866  2513
3867  642
3868  1049
3869  1264
3870  708
3871  2636
3872  191
3873  2104
3874  2088
3875  677
3876  2371
3877  2622
3878  2112
3879  3681
3880  335
3881  1125
3882  1587
3883  2063
3884  2944
3885  246
3886  1111
3887  39
3888  617
3889  3483
3890  1852
3891  60
3892  2091
3893  1126
3894  688
3895  1477
3896  2128
3897  735
3898  1295
3899  2527
3900  1795
3901  391
3902  1672
3903  1664
3904  473
3905  808
3906  1311
3907  1779
3908  337
3909  2640
3910  2701
3911  922
3912  2087
3913  3048
3914  428
3915  1371
3916  585
3917  1282
3918  11
3919  2454
3920  1761
3921  194
3922  2056
3923  478
3924  2146
3925  969
3926  1260
3927  565
3928  3845
3929  637
3930  348
3931  507
3932  726
3933  1172
3934  1369
3935  4014
3936  2039
3937  2395
3938  770
3939  871
3940  1814
3941  895
3942  2619
3943  2769
3944  894
3945  1688
3946  421
3947  1315
3948  772
3949  154
3950  542
3951  1584
3952  845
3953  1552
3954  151
3955  3505
3956  1058
3957  1084
3958  1468
3959  2452
3960  1657
3961  572
3962  2374
3963  341
3964  1778
3965  2688
3966  1982
3967  1257
3968  1181
3969  2653
3970  395
3971  1248
3972  2684
3973  2264
3974  4015
3975  2621
3976  2734
3977  2315
3978  1393
3979  1204
3980  4
3981  981
3982  297
3983  1628
3984  3895
3985  737
3986  188
3987  82
3988  704
3989  119
3990  249
3991  850
3992  1436
3993  738
3994  347
3995  699
3996  59
3997  962
3998  123
3999  29
4000  103
4001  84
4002  350
4003  1785
4004  687
4005  422
4006  1141
4007  250
4008  3896
4009  567
4010  3897
4011  769
4012  83
4013  792
4014  339
4015  3898
4016  251
4017  28
4018  1273
4019  1206
4020  345
4021  998
4022  3899
4023  43
4024  3900
4025  252
4026  1189
4027  15
4028  446
4029  85
4030  479
4031  118
4032  1142
4033  1437
4034  3076
4035  3901
4036  445
4037  1312
4038  697
