401
530
0 223
1 243
2 387
3 226
4 51
5 119
5 299
5 312
5 385
6 345
7 246
7 249
7 175
8 238
9 233
10 178
11 227
12 336
13 154
14 351
15 277
16 289
17 136
18 335
19 157
20 251
21 83
22 171
23 68
24 62
25 127
26 304
27 177
28 172
29 138
30 304
30 173
31 327
32 304
33 367
34 52
35 142
36 271
37 315
37 295
38 216
39 117
40 334
41 46
41 48
42 109
42 168
42 347
42 116
43 270
44 218
45 219
46 87
46 366
47 146
48 389
49 78
50 123
51 322
52 318
53 328
53 308
53 115
53 315
54 201
55 324
56 205
57 65
58 90
59 247
60 207
61 280
61 102
61 338
61 175
62 212
62 132
63 182
64 265
65 376
66 132
67 162
68 89
69 79
70 297
71 153
72 277
73 358
74 139
75 397
75 281
76 154
77 299
78 144
79 277
80 244
81 327
81 324
81 204
82 120
83 94
84 311
84 290
85 192
86 389
87 314
88 271
89 377
89 170
89 328
90 225
91 110
92 205
93 187
93 140
94 184
94 360
94 159
95 347
95 265
96 279
97 155
98 183
99 386
99 295
100 282
101 254
101 182
102 382
103 116
103 334
103 161
104 158
105 180
106 229
107 139
108 188
108 213
108 206
109 288
110 215
111 177
112 204
113 116
114 368
115 362
116 155
117 308
118 203
119 153
119 377
120 172
121 298
122 249
123 361
124 283
124 307
124 259
125 210
125 299
126 293
127 351
128 242
128 195
129 399
129 260
130 162
130 368
130 323
131 159
132 391
132 388
133 370
134 186
135 187
136 250
137 345
138 326
139 199
140 376
141 339
141 355
141 273
142 233
142 171
143 347
144 213
144 300
144 239
145 394
145 353
146 219
146 336
147 234
148 154
149 167
149 271
149 301
149 386
150 228
151 258
152 335
152 373
153 393
153 381
153 279
154 245
155 211
156 336
157 197
158 289
159 184
159 236
160 267
161 255
161 274
161 339
161 305
162 226
163 340
164 266
165 290
166 339
167 369
167 174
168 182
169 204
169 371
169 337
170 285
171 390
172 225
173 394
174 176
175 196
176 230
176 259
176 361
177 335
178 329
179 229
180 347
180 214
180 193
181 371
182 205
183 383
184 333
184 379
184 348
185 251
186 285
187 199
188 257
188 315
189 396
189 389
190 262
191 352
192 377
192 284
193 380
194 271
195 297
196 324
197 297
197 215
197 330
198 324
199 226
200 368
201 254
202 374
202 335
202 248
202 322
203 368
203 256
204 312
205 396
206 316
207 323
208 236
209 328
210 250
211 316
212 256
213 393
214 339
214 251
215 353
216 290
217 264
218 368
219 304
220 228
221 373
222 305
223 263
224 338
225 361
226 365
227 362
228 272
228 265
228 384
229 279
230 282
231 373
232 398
233 332
234 347
235 263
235 346
235 342
236 330
237 257
237 260
238 244
239 251
240 377
241 319
242 384
243 253
244 291
245 328
246 281
246 313
246 338
247 344
248 398
249 260
250 356
250 260
251 323
252 344
252 295
252 334
253 280
254 270
255 291
256 376
257 377
258 272
259 323
260 383
261 315
262 366
263 295
264 296
265 363
265 391
265 326
266 269
267 391
268 279
269 384
270 330
271 378
272 334
273 281
273 325
274 359
275 321
275 295
275 339
276 336
277 308
278 346
278 304
279 368
280 358
281 390
282 351
283 331
283 287
283 396
284 292
285 291
285 287
286 327
287 366
287 308
288 343
289 383
290 394
291 367
292 373
293 345
294 357
295 388
296 391
297 303
298 368
299 339
300 363
301 393
302 376
302 392
302 340
302 306
303 368
304 391
305 321
306 351
307 340
308 371
309 369
310 346
311 343
312 338
313 350
314 334
315 380
316 353
317 391
318 392
319 395
320 364
321 378
322 338
323 383
324 388
325 370
325 334
325 342
326 391
327 371
327 370
327 328
328 388
329 400
329 350
330 335
331 392
332 375
333 346
334 383
335 362
336 399
336 338
336 374
337 346
338 354
339 389
340 392
340 390
341 373
342 354
343 372
344 372
344 363
344 348
344 398
345 363
345 358
346 365
347 389
348 371
349 365
350 391
351 374
352 389
353 369
353 361
353 398
354 382
355 356
356 379
357 376
358 377
358 366
358 359
359 376
360 385
361 390
362 400
362 387
363 377
363 386
364 394
365 387
366 372
367 395
367 389
367 374
368 393
369 375
370 376
371 384
372 387
373 375
374 394
375 396
376 396
376 383
377 387
378 384
379 381
380 382
381 384
381 394
381 399
382 390
383 396
384 396
385 388
386 397
387 392
387 390
387 396
388 393
389 391
390 391
391 394
392 395
393 396
394 396
395 400
396 398
396 397
396 400
397 400
398 400
399 400